   411948272
   742667453
  -348764670
  1911116426
   724659239
  -881681996
  1247179163
  -628391025
  -516731754
 -1066085834
 -2008703893
  1351304149
  -768978933
  -483598689
 -1811879410
   444271993
 -1117754879
 -1394107645
  1998714950
   865482401
    43047206
 -1108152233
 -1026390651
   146799431
  -898565839
  1699332156
   856821679
 -1779810130
  1057798254
  1043043990
  1739019580
   343691815
  1232131264
  1700876833
  -246024833
  1921581913
  1214099232
  1639713432
   611738336
  1808909528
  -936973258
 -2147020535
  1268272999
   779123182
 -1772882692
   651774682
 -1819622222
 -1042543169
   100015952
 -2000624231
 -1812252414
  -339620976
  -617755244
   543417953
  1169787480
   141381304
   519353514
 -1978218074
  2065363695
   -16783575
   553991165
 -1843521097
   932045501
  1614713220
   426626037
 -1871148619
  1586398991
  1562326176
  -574857914
     6051597
   327142571
  1735485924
  1840821104
 -1172090230
  1139330232
   633920236
  1663202046
  2102222781
  -291070373
  1682506584
  1394184752
  -447691196
  1116294816
  -366669279
  -695856776
  2077221655
 -1935242531
  1663570127
  1020233855
  -609236140
 -1592047446
 -1134198680
  1503600262
 -1887435406
 -1852077986
  1387449993
   161656396
   649254007
  -692556378
 -1502315921
